Procedural generation
3 pre-made rooms, standard to all maps
1 start room
1 exit
1 dungeon


0 = nothing
1 = wall
2 = door
3 = floor


[[1, 1, 1, 1, 1, 1, 1, 1, 1, 1, 1, 1, 1, 1, 1, 1, 1, 1, 1],
[1, 3, 3, 3, 3, 3, 3, 3, 1, 3, 3, 3, 3, 3, 3, 3, 3, 3, 1],
[1, 3, 3, 3, 3, 3, 3, 3, 1, 3, 1, 1, 1, 1, 1, 1, 1, 3, 1],
[1, 3, 3, 3, 3, 3, 3, 3, 1, 3, 1, 3, 3, 3, 3, 3, 1, 3, 1],
[1, 3, 3, 3, 3, 3, 3, 3, 1, 3, 1, 3, 3, 3, 3, 3, 1, 3, 1],
[1, 3, 3, 3, 3, 3, 3, 3, 3, 3, 1, 3, 3, 3, 3, 3, 1, 3, 1],
[1, 3, 1, 3, 3, 3, 1, 1, 1, 3, 1, 1, 1, 3, 3, 3, 1, 3, 1],
[1, 3, 1, 3, 3, 3, 1, 3, 3, 3, 1, 1, 1, 3, 3, 3, 1, 3, 1],
[1, 3, 1, 1, 1, 1, 1, 1, 1, 3, 1, 1, 1, 3, 3, 3, 1, 3, 1],
[1, 3, 3, 3, 3, 3, 1, 3, 3, 3, 1, 3, 3, 3, 3, 3, 1, 3, 1],
[1, 3, 3, 3, 3, 3, 1, 1, 1, 3, 1, 3, 3, 3, 3, 3, 1, 3, 1],
[1, 3, 3, 3, 3, 3, 3, 3, 1, 3, 1, 3, 3, 3, 3, 3, 1, 3, 1],
[1, 3, 3, 3, 3, 3, 3, 3, 1, 3, 1, 3, 3, 3, 3, 3, 1, 3, 1],
[1, 3, 3, 3, 3, 3, 3, 3, 3, 3, 1, 3, 3, 3, 3, 3, 1, 3, 1],
[1, 3, 1, 1, 1, 1, 1, 1, 1, 1, 1, 1, 1, 3, 1, 1, 1, 3, 1],
[1, 3, 3, 3, 3, 3, 3, 3, 3, 3, 3, 3, 3, 3, 3, 3, 3, 3, 1],
[1, 1, 1, 1, 1, 1, 1, 1, 1, 1, 1, 1, 1, 1, 1, 1, 1, 1, 1]]
